"111年08月 1235 興泰             各日成交資訊"
"日期","成交股數","成交金額","開盤價","最高價","最低價","收盤價","漲跌價差","成交筆數",
"111/08/01","279,297","18,546,395","60.10","60.40","60.10","60.40","-0.30","25",
"111/08/02","10,500","631,832","60.10","60.60","59.90","60.50","+0.10","24",
"111/08/03","2,360","141,448","60.10","60.10","60.00","60.00","-0.50","10",
"111/08/04","20","1,200","--","--","--","--"," 0.00","2",
"111/08/05","28,635","1,733,344","60.20","61.00","60.00","60.50","X0.00","31",
"111/08/08","8,322","499,967","59.70","60.90","59.70","60.30","-0.20","25",
"111/08/09","15,717","944,658","60.20","60.30","60.00","60.30"," 0.00","30",
"111/08/10","13,269","798,991","60.10","60.50","60.10","60.20","-0.10","16",
"111/08/11","10,653","642,203","60.20","60.50","60.20","60.20"," 0.00","22",
"111/08/12","18,240","1,118,203","60.00","62.00","60.00","61.90","+1.70","38",
"111/08/15","34,543","2,141,487","62.00","62.50","61.80","61.90"," 0.00","34",
"111/08/16","15,613","966,730","61.30","63.00","61.30","62.10","+0.20","25",
"111/08/17","28,921","1,812,355","62.90","63.00","62.40","62.50","+0.40","38",
"111/08/18","6,476","409,695","63.80","63.80","62.80","62.80","+0.30","76",
"111/08/19","4,190","263,481","62.80","62.90","62.80","62.90","+0.10","12",
"111/08/22","73,071","4,599,407","62.90","63.00","62.80","63.00","+0.10","21",
"111/08/23","3,750","239,023","63.80","63.80","63.40","63.40","+0.40","17",
"說明:"
"符號說明:+/-/X表示漲/跌/不比價"
"當日統計資訊含一般、零股、盤後定價、鉅額交易，不含拍賣、標購。"
"ETF證券代號第六碼為K、M、S、C者，表示該ETF以外幣交易。"