"111年08月 1305 華夏             各日成交資訊"
"日期","成交股數","成交金額","開盤價","最高價","最低價","收盤價","漲跌價差","成交筆數",
"111/08/01","1,452,354","36,401,505","25.30","25.65","25.05","25.55","+0.40","691",
"111/08/02","910,370","22,886,505","25.40","25.40","25.05","25.10","-0.45","659",
"111/08/03","1,308,523","32,544,059","25.05","25.10","24.75","24.80","-0.30","936",
"111/08/04","6,243,798","143,322,674","24.30","24.30","22.40","22.75","-2.05","3,673",
"111/08/05","2,154,904","49,076,772","22.65","23.00","22.60","22.85","+0.10","1,186",
"111/08/08","2,993,148","66,651,069","22.85","22.85","21.95","22.55","-0.30","1,495",
"111/08/09","1,725,187","39,551,229","22.60","23.10","22.60","23.00","+0.45","891",
"111/08/10","2,215,794","51,593,022","22.90","23.45","22.85","23.15","+0.15","1,001",
"111/08/11","1,201,778","28,394,989","23.45","23.75","23.40","23.65","+0.50","731",
"111/08/12","1,658,841","39,864,156","24.15","24.25","23.80","23.95","+0.30","1,094",
"111/08/15","1,103,037","26,498,158","23.95","24.20","23.80","24.15","+0.20","637",
"111/08/16","692,958","16,691,631","24.10","24.25","24.00","24.00","-0.15","441",
"111/08/17","1,367,579","33,247,540","24.00","24.60","24.00","24.10","+0.10","756",
"111/08/18","624,844","15,043,041","24.10","24.20","23.95","24.20","+0.10","362",
"111/08/19","940,095","22,800,183","24.20","24.40","24.05","24.30","+0.10","466",
"111/08/22","981,838","23,877,297","24.30","24.45","24.20","24.25","-0.05","572",
"111/08/23","1,095,196","26,178,244","23.95","24.15","23.75","23.80","-0.45","606",
"說明:"
"符號說明:+/-/X表示漲/跌/不比價"
"當日統計資訊含一般、零股、盤後定價、鉅額交易，不含拍賣、標購。"
"ETF證券代號第六碼為K、M、S、C者，表示該ETF以外幣交易。"